Cost:
61579.19377397627
Routes:
22
0,33,6,129,18,173,189,215,176,214,183,156,228,55
0,208,130,174,48,204,102,20,68,42,178,95,240,246
0,17,84,23,99,111,36,51,185,227,245
0,107,53,158,151,182,118,13,128,81,149,194,210
0,109,26,148,159,59,201,60,74,28,145,134,238,98,154,239
0,49,172,195,70,155,187,225,90,3,147,235,249
0,25,35,52,121,161,120,171,93,138,216,243
0,47,27,192,224,127,45,168,233,11,72,242,250
0,39,73,125,38,116,65,179,131,164,69,188,220
0,219,211,1,108,213,103,166,8,122,184,198,222,135
0,37,177,15,175,181,124,77,221,41,229,236
0,200,169,186,199,64,226,58,206,230,244
0,114,29,119,12,44,43,85,30,203,190,209
0,82,143,79,202,165,24,140,50,56,7,40,191,234
0,22,196,62,86,46,61,71,80,94,21,217,231
0,63,141,132,101,205,180,14,139,207
0,142,113,144,32,92,105,104,66,237,241
0,153,133,136,150,57,110,163,223,31,197,232,160
0,4,137,123,218,83,100,54,5,10,87,162,247
0,117,97,34,89,88,16,2,112,19,152,157,167
0,96,75,76,9,106,91,193,170,248
0,126,115,146,67,78,212
